   1  90.0 252.0         O1
   2  90.0 288.0         O2
   3  90.0 216.0         T5
   4  63.1 223.1         P3
   5  45.0 270.0         Pz
   6  63.1 316.9         P4
   7  90.0 324.0         T6
   8  90.0 180.0         T3
   9  45.0 180.0         C3
  10   0.0   0.0         Cz
  11  45.0   0.0         C4
  12  90.0   0.0         T4
  13  90.0 144.0         F7
  14  63.1 136.9         F3
  15  45.0  90.0         Fz
  16  63.1  43.1         F4
  17  90.0  36.0         F8
  18  90.0 108.0        Fp1
  19  90.0  72.0        Fp2
  20  76.5 219.3         P5
  21  51.7 243.7         P1
  22  51.7 296.3         P2
  23  76.5 320.7         P6
  24  67.5 180.0         C5
  25  22.5 180.0         C1
  26  22.5   0.0         C2
  27  67.5   0.0         C6
  28  76.5 140.7         F5
  29  51.7 116.3         F1
  30  51.7  63.7         F2
  31  76.5  39.3         F6
  32 120.0 215.6         M1
  33 120.0 324.4         M2
  34  90.0 270.0         Oz
  35  67.5 270.0        POz
  36  22.5 270.0        CPz
  37  22.5  90.0        FCz
  38  67.5  90.0        FFz
  39  90.0  90.0        Fpz
  40  31.5 136.9        FC1
  41  31.5  43.1        FC2
  42  31.5 223.1        CP1
  43  31.5 316.9        CP2
  44  52.1 155.8        FC3
  45  52.1  24.2        FC4
  46  52.1 204.2        CP3
  47  52.1 335.8        CP4
  48  75.6 159.7        FT3
  49  75.6  20.3        FT4
  50  75.6 200.3        TP3
  51  75.6 339.7        TP4
  52  52.0 241.3        P'1
  53  52.0 298.7        P'2
  54 112.5  90.0         Nz
  55 120.0 234.4         I1
  56 112.5 270.0         Iz
  57 120.0 305.6         I2
  58  33.2 135.6        FF3
  59  66.5 201.2        TP5
  60  77.4 241.8        OT5
  61 102.6 241.8        IT1
  62 102.6 298.2        IT2
  63  87.6 247.0        IP1
  64  78.8 270.0        IPz
  65  87.6 293.0        IP2
  66 105.4 203.0        M'1
  67 105.4 337.0        M'2
  68  90.0 198.0        TP7
  69  90.0 342.0        TP8
  70 118.1  90.0        Nez
  71  63.4 113.0        F3z
  72  63.4  67.0        F4z
  73 112.5 180.0        TRG
  74 112.5   0.0        TRD
  75  90.0 162.0        FT7
  76  90.0  18.0        FT8
  77  90.0 234.0        PO7
  78  90.0 306.0        PO8
  79  70.4 202.1        CP5
  80  70.4 337.9        CP6
  81  70.4 158.3        FC5
  82  70.4  21.7        FC6
  83  80.0 231.7        PO3
  84  80.0 308.3        PO4
  85 108.2 209.7        Ma1
  86 108.2 330.3        Ma2
  87 114.4 229.4        IM1
  88 114.4 310.6        IM2
  89 112.5 249.0        IM3
  90 112.5 291.0        IM4
  91  98.7 233.4        IT5
  92  98.7 306.6        IT6
  93 101.8 161.3        TR7
  94 101.8  18.7        TR8
  95  70.8 120.0        Fp3
  96  70.8  60.0        Fp4
  97  70.8 248.4        PO1
  98  70.8 291.6        PO2
  99   0.0   0.0        EDR
 100  77.4 298.2        OT6
 101 117.0  36.0         YH
 102  94.6  68.6         YV
 103  71.1 204.4        C35
 104  71.1 335.6        C46
 105  69.8 202.4        C37
 106  69.8 337.6        C48
 107 119.0 243.7        OM1
 108 119.0 296.3        OM2
 109 105.8 159.7        FT9
 110 105.8  20.3       FT10
 111  76.1 238.4        P13
 112  76.1 301.6        P24
 113 113.2 239.4        IMa
 114 113.2 300.6        IMb
 115 120.0 200.0        TP9
 116 120.0 340.0       TP10
 117 120.0 235.0        PO9
 118 120.0 305.0       PO10
 119 117.0  36.0       HEOG
 120  94.6  68.6       VEOG
 121  59.6 251.7       PP13
 122  59.6 288.3       PP24
 123  70.8 111.6        AF3
 124  70.8  68.4        AF4
 125 117.3 253.0        IA1
 126 117.3 287.0        IA2
 127  90.0 156.8         a1
 128  68.9 149.0         a2
 129  50.1 135.0         a3
 130  37.4 108.4         a4
 131  37.4  71.6         a5
 132  50.1  45.0         a6
 133  68.9  31.0         a7
 134  90.0  23.2         a8
 135  83.6 171.9         b1
 136  60.3 168.7         b2
 137  37.4 161.6         b3
 138  16.7 135.0         b4
 139  16.7  45.0         b5
 140  37.4  18.4         b6
 141  60.3  11.3         b7
 142  83.6   8.1         b8
 143  83.6 188.1         c1
 144  60.3 191.3         c2
 145  37.4 198.4         c3
 146  16.7 225.0         c4
 147  16.7 315.0         c5
 148  37.4 341.6         c6
 149  60.3 348.7         c7
 150  83.6 351.9         c8
 151  90.0 203.2         d1
 152  68.9 211.0         d2
 153  50.1 225.0         d3
 154  37.4 251.6         d4
 155  90.0 216.0         P7
 156  90.0 324.0         P8
 157  90.0 180.0         T7
 158  90.0   0.0         T8
 159  85.0 232.9        PO5
 160  85.0 307.1        PO6
 161  90.0 126.0        AF7
 162  90.0  54.0        AF8
 163   0.0   0.0        HE1
 164   0.0   0.0        HE2
 165   0.0   0.0        VE1
 166   0.0   0.0        VE2
 167   0.0   0.0        dum
 168  69.9 338.3      nk26x
 169  69.9 338.3      nk26z
 170  90.0  61.0      nk35z
 171  90.0  61.0      nk35y
 172  90.0 119.0      nk34z
 173  90.0 119.0      nk34y
 174  90.0 241.0      nk36z
 175  90.0 241.0      nk36y
 176  90.0 299.0      nk37z
 177  90.0 299.0      nk37y
 178  90.0 159.4         a1
 179  70.7 153.4         a2
 180  52.7 143.1         a3
 181  38.0 123.7         a4
 182  31.6  90.0         a5
 183  38.0  56.3         a6
 184  52.7  36.9         a7
 185  70.7  26.6         a8
 186  90.0  20.6         a9
 187  84.9 172.9         b1
 188  64.1 170.5         b2
 189  43.4 166.0         b3
 190  23.6 153.4         b4
 191  10.5  90.0         b5
 192  23.6  26.6         b6
 193  43.4  14.0         b7
 194  64.1   9.5         b8
 195  84.9   7.1         b9
 196  84.9 187.1         c1
 197  64.1 189.5         c2
 198  43.4 194.0         c3
 199  23.6 206.6         c4
 200  10.5 270.0         c5
 201  23.6 333.4         c6
 202  43.4 346.0         c7
 203  64.1 350.5         c8
 204  84.9 352.9         c9
 205  90.0 200.6         d1
 206  70.7 206.6         d2
 207  52.7 216.9         d3
 208  38.0 236.3         d4
 209   0.0   0.0          X
 210   0.0   0.0          Y
 211  33.0 200.0        c34
 212 112.5 216.0         P9
 213 112.5 234.0        PO9
 214 112.5 324.0        P10
 215 112.5 306.0       PO10
 216 112.5 144.0         F9
 217 112.5  36.0        F10
 218   0.0   0.0        DUM
 219   0.0   0.0        DUM
 220  70.7 168.3        FT5
 221  70.7  11.8        FT6
 222 101.2 207.0        MT1
 223 101.2 333.0        MT2
 224  86.3 258.9         A0
 225  86.3 262.6         A1
 226  86.3 266.3         A2
 227  86.3 270.0         A3
 228  86.3 273.7         A4
 229  86.3 277.4         A5
 230  90.0 262.6         B1
 231  90.0 266.3         B2
 232  90.0 270.0         B3
 233  90.0 273.7         B4
 234  90.0 277.4         B5
 235  93.7 262.6         C1
 236  93.7 266.3         C2
 237  93.7 270.0         C3
 238  93.7 273.7         C4
 239  93.7 277.4         C5
 240  82.6 255.2        V41
 241  82.6 258.9        V42
 242  86.3 281.1         A6
 243   0.0   0.0        DUM
 244   0.0   0.0        DUM
 245   0.0   0.0        DUM
 246   0.0   0.0        DUM
 247   0.0   0.0        DUM
 248   0.0   0.0        DUM
 249   0.0   0.0        DUM
 250   0.0   0.0         BO
 251   0.0   0.0         PA
 252   0.0   0.0         PP
 253   0.0   0.0         EC
 254   0.0   0.0         m1
 255  10.3  90.0         m2
 256  10.3  30.0         m3
 257  10.3 330.0         m4
 258  10.3 270.0         m5
 259  10.3 210.0         m6
 260  10.3 150.0         m7
 261  20.7  90.0         m8
 262  20.7  60.0         m9
 263  20.7  30.0        m10
 264  20.7   0.0        m11
 265  20.7 330.0        m12
 266  20.7 300.0        m13
 267  20.7 270.0        m14
 268  20.7 240.0        m15
 269  20.7 210.0        m16
 270  20.7 180.0        m17
 271  20.7 150.0        m18
 272  20.7 120.0        m19
 273  31.0  90.0        m20
 274  31.0  70.0        m21
 275  31.0  50.0        m22
 276  31.0  30.0        m23
 277  31.0  10.0        m24
 278  31.0 350.0        m25
 279  31.0 330.0        m26
 280  31.0 310.0        m27
 281  31.0 290.0        m28
 282  31.0 270.0        m29
 283  31.0 250.0        m30
 284  31.0 230.0        m31
 285  31.0 210.0        m32
 286  31.0 190.0        m33
 287  31.0 170.0        m34
 288  31.0 150.0        m35
 289  31.0 130.0        m36
 290  31.0 110.0        m37
 291  90.0  90.0        001
 292  90.5 106.3        002
 293  89.3  73.1        003
 294  81.7  99.6        004
 295  80.3  81.7        005
 296  90.1 126.1        006
 297  82.5 121.1        007
 298  72.8 109.8        008
 299  70.7  89.9        009
 300  73.7  71.4        010
 301  83.7  62.5        011
 302  89.8  57.0        012
 303  98.1 135.5        013
 304  82.0 132.4        014
 305  70.2 126.1        015
 306  60.8 103.0        016
 307  62.2  76.1        017
 308  71.7  57.8        018
 309  84.1  49.0        019
 310  97.0  46.2        020
 311  89.2 143.4        021
 312  54.4 117.0        022
 313  49.6  88.7        023
 314  55.1  64.7        024
 315  72.2  43.6        025
 316  89.7  39.9        026
 317 108.8 150.9        027
 318  79.7 148.4        028
 319  63.5 142.0        029
 320  53.4 130.7        030
 321  42.8 106.6        031
 322  43.3  76.7        032
 323  56.0  48.2        033
 324  80.2  33.1        034
 325 108.3  27.8        035
 326  89.5 162.2        036
 327  69.4 158.8        037
 328  50.1 145.1        038
 329  37.8 126.2        039
 330  31.9  91.9        040
 331  36.4  58.8        041
 332  52.2  36.3        042
 333  70.1  24.7        043
 334  90.7  20.0        044
 335  80.5 168.7        045
 336  57.0 163.6        046
 337  66.7 178.7        047
 338  41.7 171.2        048
 339  22.5 159.2        049
 340   9.7 102.4        050
 341  21.7  26.0        051
 342  42.4   9.8        052
 343  64.2   4.6        053
 344  37.8 157.5        054
 345  24.8 120.6        055
 346  23.6  65.3        056
 347  38.7  32.0        057
 348  56.1  20.4        058
 349  77.5  11.7        059
 350  90.0 180.0        060
 351  90.0   0.0        061
 352  77.6 188.6        062
 353  34.0 189.3        063
 354  56.1 188.3        064
 355  14.9 201.8        065
 356  11.0 341.2        066
 357  30.9 355.2        067
 358  52.9 352.6        068
 359  77.2 351.3        069
 360  90.4 201.3        070
 361  68.6 199.4        071
 362  44.6 205.3        072
 363  29.3 216.6        073
 364  17.5 257.3        074
 365  24.4 318.4        075
 366  41.3 334.6        076
 367  64.8 338.2        077
 368  88.9 337.4        078
 369 135.8 215.0        079
 370 103.0 212.0        080
 371  78.2 210.3        081
 372  57.5 213.2        082
 373  46.6 218.3        083
 374  34.2 244.7        084
 375  31.5 283.9        085
 376  37.3 306.6        086
 377  56.1 324.7        087
 378  79.2 326.6        088
 379 102.0 324.4        089
 380 131.3 326.7        090
 381 112.1 221.0        091
 382  91.5 217.5        092
 383  67.2 219.5        093
 384  48.2 236.9        094
 385  42.5 263.2        095
 386  46.3 292.9        096
 387  66.5 315.0        097
 388  88.2 316.3        098
 389 113.3 316.2        099
 390 126.6 229.9        100
 391 100.8 226.7        101
 392  79.3 227.4        102
 393  65.1 230.1        103
 394  56.9 249.6        104
 395  55.6 276.5        105
 396  60.5 294.4        106
 397  74.2 303.9        107
 398 100.7 304.1        108
 399 126.1 303.9        109
 400 111.7 236.3        110
 401  91.0 233.3        111
 402  72.7 245.7        112
 403  65.6 264.6        113
 404  69.4 285.1        114
 405  90.8 293.8        115
 406 111.8 298.4        116
 407  99.1 238.9        117
 408  99.0 288.6        118
 409 112.0 250.8        119
 410  91.5 248.8        120
 411  79.0 253.0        121
 412  79.0 273.4        122
 413  90.0 282.0        123
 414 110.7 281.8        124
 415 100.6 257.7        125
 416  99.8 273.8        126
 417 110.0 265.9        127
 418  91.1 264.5        128
 419 105.2 353.1       n001
 420 105.2 353.1       n002
 421  84.4 353.1       n003
 422  84.4 353.1       n004
 423  62.9 353.3       n005
 424  62.9 353.3       n006
 425 104.4  14.9       n007
 426 104.4  14.9       n008
 427  82.9  15.0       n009
 428  82.9  15.0       n010
 429  61.9  16.9       n011
 430  61.9  16.9       n012
 431  42.4  23.1       n013
 432  42.4  23.1       n014
 433  25.0  39.5       n015
 434  25.0  39.5       n016
 435  80.6  37.4       n017
 436  80.6  37.5       n018
 437  58.4  43.2       n019
 438  58.4  43.2       n020
 439  41.7  59.8       n021
 440  41.7  59.8       n022
 441  35.3  90.0       n023
 442  35.3  90.0       n024
 443  78.6  58.3       n025
 444  78.6  58.3       n026
 445  77.0  79.1       n027
 446  77.0  79.1       n028
 447  58.2  76.0       n029
 448  58.2  76.0       n030
 449  77.0 100.9       n031
 450  77.0 100.9       n032
 451  58.2 104.0       n033
 452  58.2 104.0       n034
 453  78.6 121.7       n035
 454  78.6 121.7       n036
 455  80.6 142.6       n037
 456  80.6 142.5       n038
 457  58.4 136.8       n039
 458  58.4 136.8       n040
 459  41.7 120.2       n041
 460  41.7 120.2       n042
 461 104.4 165.1       n043
 462 104.4 165.1       n044
 463  82.9 165.0       n045
 464  82.9 165.0       n046
 465  61.9 163.1       n047
 466  61.9 163.1       n048
 467  42.4 156.9       n049
 468  42.4 156.9       n050
 469  25.0 140.5       n051
 470  25.0 140.5       n052
 471  15.9  90.0       n053
 472  15.8  90.0       n054
 473 105.2 186.9       n055
 474 105.2 186.9       n056
 475  84.4 186.9       n057
 476  84.4 186.9       n058
 477  62.9 186.7       n059
 478  62.9 186.7       n060
 479  41.8 187.8       n061
 480  41.8 187.8       n062
 481  21.2 193.3       n063
 482  21.2 193.3       n064
 483   4.6 270.0       n065
 484   4.6 270.0       n066
 485 105.7 208.6       n067
 486 105.7 208.6       n068
 487  85.7 208.6       n069
 488  85.7 208.6       n070
 489  63.2 210.8       n071
 490  63.2 210.8       n072
 491  42.3 219.2       n073
 492  42.3 219.2       n074
 493 105.5 229.5       n075
 494 105.5 229.5       n076
 495  86.2 229.5       n077
 496  86.2 229.5       n078
 497  65.3 235.7       n079
 498  65.3 235.7       n080
 499 105.7 249.9       n081
 500 105.7 249.9       n082
 501  86.7 249.9       n083
 502  86.7 249.9       n084
 503  67.2 259.2       n085
 504  67.2 259.2       n086
 505  46.8 255.9       n087
 506  46.8 255.9       n088
 507  27.3 247.5       n089
 508  27.3 247.5       n090
 509 105.4 270.0       n091
 510 105.4 270.0       n092
 511  86.6 270.0       n093
 512  86.6 270.0       n094
 513  67.2 280.8       n095
 514  67.2 280.8       n096
 515  46.8 284.1       n097
 516  46.8 284.1       n098
 517  27.3 292.5       n099
 518  27.3 292.5       n100
 519 105.7 290.1       n101
 520 105.7 290.1       n102
 521  86.7 290.1       n103
 522  86.7 290.1       n104
 523 105.5 310.5       n105
 524 105.5 310.5       n106
 525  86.2 310.5       n107
 526  86.2 310.5       n108
 527  65.3 304.3       n109
 528  65.3 304.3       n110
 529 105.7 331.4       n111
 530 105.7 331.4       n112
 531  85.7 331.4       n113
 532  85.7 331.4       n114
 533  63.2 329.2       n115
 534  63.2 329.2       n116
 535  42.3 320.8       n117
 536  42.3 320.8       n118
 537  41.8 352.2       n119
 538  41.8 352.2       n120
 539  21.2 346.7       n121
 540  21.2 346.7       n122
 541 128.8 211.3         E1
 542  58.2  84.4         E2
 543 107.7 154.9         E3
 544 112.5 175.2         E4
 545 108.9 194.4         E5
 546 114.3 211.3         E6
 547 114.9 222.1         E7
 548  83.2 175.8         E8
 549  86.6 206.1         E9
 550  66.7  86.8        E10
 551  74.2 149.4        E11
 552  74.6 216.7        E12
 553  64.5 191.8        E13
 554  20.7  92.9        E14
 555  47.5 150.6        E15
 556  56.6 224.5        E16
 557  41.4 274.5        E17
 558  22.6 276.5        E18
 559 128.2 337.8         Ea
 560  58.2  84.4         Eb
 561 102.8  28.4         Ec
 562 102.0   5.0         Ed
 563 109.8 352.9         Ee
 564 111.8 330.1         Ef
 565 113.3 314.5         Eg
 566  79.3  11.5         Eh
 567  84.9 350.1         Ei
 568  68.9  26.1         Ej
 569  70.7 331.8         Ek
 570  44.9 351.4         El
 571  37.6  67.5         Em
 572  40.7 309.2         En
 573  61.1  38.6        LCa
 574  55.8  23.6        LCb
 575  62.1   7.7        LCc
 576  54.5 352.0        LCd
 577  50.0 333.6        LCe
 578  49.4 314.1        LCf
 579  58.1  72.3        LCk
 580  53.8  54.9        LCl
 581  45.1  36.9        LCm
 582  45.7  11.1        LCn
 583  39.7 352.1        LCo
 584  35.6 330.7        LCp
 585  37.1 308.3        LCq
 586  46.4 291.8        LCr
 587  45.2  76.7        LCu
 588  38.4  59.8        LCv
 589  30.7  39.3        LCw
 590  31.6  13.5        LCx
 591  24.2 347.3        LCy
 592  23.4 310.7        LCz
 593  32.6 286.3        LCA
 594  20.2  61.5        LCE
 595  16.4  20.7        LCF
 596  11.1 320.5        LCG
 597 104.7  76.2        LFa
 598 105.1  61.3        LFb
 599 108.6  46.3        LFc
 600 115.9  31.2        LFd
 601 123.9  15.9        LFe
 602 118.1 358.4        LFf
 603  92.9  82.0        LFk
 604  92.6  67.0        LFl
 605  93.4  51.7        LFm
 606  96.2  38.2        LFn
 607 103.7  25.1        LFo
 608 110.9  11.1        LFp
 609  81.2  74.3        LFu
 610  81.3  58.1        LFv
 611  80.1  39.8        LFw
 612  86.7  24.5        LFx
 613  94.6   9.1        LFy
 614  69.5  81.2        LFE
 615  69.1  64.9        LFF
 616  69.5  50.2        LFG
 617  71.0  24.9        LFH
 618  77.8   8.9        LFI
 619 111.8 343.4        LPa
 620 105.4 327.6        LPb
 621 101.1 312.2        LPc
 622  97.4 297.9        LPd
 623  95.6 283.5        LPe
 624 103.7 355.1        LPk
 625  96.9 340.6        LPl
 626  92.1 324.1        LPm
 627  87.3 308.9        LPn
 628  84.2 293.8        LPo
 629  82.5 278.8        LPp
 630  87.7 354.1        LPq
 631  81.0 338.0        LPu
 632  76.9 321.6        LPv
 633  72.8 305.1        LPw
 634  70.6 287.9        LPx
 635  70.5 352.3        LPE
 636  64.6 336.0        LPF
 637  62.5 318.8        LPG
 638  59.1 299.8        LPH
 639  57.3 280.8        LPI
 640  57.0  90.0        MC1
 641  31.3  89.8        MC2
 642   5.4  87.5        MC3
 643  19.4 270.8        MC4
 644  44.2 270.5        MC5
 645 104.6  90.1        MF1
 646  81.2  90.1        MF2
 647  94.9 270.2        MP1
 648  69.7 270.3        MP2
 649  60.8 141.7        RCa
 650  55.5 156.8        RCb
 651  61.7 172.9        RCc
 652  54.3 188.5        RCd
 653  49.7 206.9        RCe
 654  49.1 226.5        RCf
 655  57.9 107.7        RCk
 656  53.5 125.1        RCl
 657  44.6 143.2        RCm
 658  45.3 169.4        RCn
 659  39.4 188.4        RCo
 660  35.4 210.0        RCp
 661  36.7 232.5        RCq
 662  46.2 249.1        RCr
 663  45.0 103.1        RCu
 664  38.1 120.0        RCv
 665  30.3 140.7        RCw
 666  31.2 166.8        RCx
 667  23.8 193.3        RCy
 668  23.1 230.8        RCz
 669  32.5 254.7        RCA
 670  19.9 117.7        RCE
 671  16.0 158.9        RCF
 672  10.8 220.8        RCG
 673 104.7 104.0        RFa
 674 105.0 118.9        RFb
 675 108.5 134.1        RFc
 676 115.8 149.2        RFd
 677 123.9 164.8        RFe
 678 117.7 182.1        RFf
 679  92.8  98.2        RFk
 680  92.5 113.1        RFl
 681  93.4 128.6        RFm
 682  96.0 142.1        RFn
 683 103.5 155.2        RFo
 684 110.0 169.6        RFp
 685  81.1 106.0        RFu
 686  81.0 122.1        RFv
 687  79.7 140.7        RFw
 688  86.2 155.9        RFx
 689  94.3 171.4        RFy
 690  69.3  99.0        RFE
 691  68.8 115.2        RFF
 692  69.2 130.0        RFG
 693  70.7 155.5        RFH
 694  77.4 171.6        RFI
 695 111.5 197.3        RPa
 696 105.2 213.0        RPb
 697 100.9 228.3        RPc
 698  97.4 242.6        RPd
 699  95.5 256.8        RPe
 700 103.3 185.4        RPk
 701  96.5 199.9        RPl
 702  91.6 216.4        RPm
 703  87.0 231.6        RPn
 704  84.0 246.6        RPo
 705  82.5 261.6        RPp
 706  87.3 186.5        RPu
 707  80.5 202.7        RPv
 708  76.5 218.9        RPw
 709  72.6 235.5        RPx
 710  70.4 252.7        RPy
 711  70.1 188.2        RPE
 712  64.3 204.4        RPF
 713  62.1 221.7        RPG
 714  58.9 240.9        RPH
 715  57.2 259.9        RPI
 716   0.0   0.0        DUM
 717   0.0   0.0        DUM
 718   0.0   0.0        DUM
 719   0.0   0.0        DUM
 720   0.0   0.0        DUM
 721   0.0   0.0        Sca
 722   0.0   0.0        H'1
 723   0.0   0.0        H'2
 724   0.0   0.0        H'3
 725   0.0   0.0        H'4
 726   0.0   0.0        H'5
 727   0.0   0.0        H'6
 728   0.0   0.0        H'7
 729   0.0   0.0        H'8
 730   0.0   0.0        H'9
 731   0.0   0.0       H'10
 732   0.0   0.0        T'1
 733   0.0   0.0        T'2
 734   0.0   0.0        T'3
 735   0.0   0.0        T'4
 736   0.0   0.0        T'5
 737   0.0   0.0         T1
 738   0.0   0.0         T2
 739   0.0   0.0         T3
 740   0.0   0.0         T4
 741   0.0   0.0         T5
 742   0.0   0.0         T6
 743   0.0   0.0         T7
 744   0.0   0.0         T8
 745   0.0   0.0         T9
 746   0.0   0.0        T10
 747   0.0   0.0        D'1
 748   0.0   0.0        D'2
 749   0.0   0.0        D'3
 750   0.0   0.0        D'4
 751   0.0   0.0        D'5
 752   0.0   0.0       L'13
 753   0.0   0.0        J'1
 754   0.0   0.0        J'2
 755   0.0   0.0        J'3
 756   0.0   0.0        J'4
 757   0.0   0.0        J'5
 758   0.0   0.0         J1
 759   0.0   0.0         J2
 760   0.0   0.0         J3
 761   0.0   0.0         J4
 762   0.0   0.0         J5
 763   0.0   0.0        B'1
 764   0.0   0.0        B'3
 765   0.0   0.0        B'5
 766   0.0   0.0        B'7
 767   0.0   0.0        B'9
 768   0.0   0.0       B'11
 769   0.0   0.0       B'13
 770   0.0   0.0       B'15
 771   0.0   0.0        A'1
 772   0.0   0.0        A'4
 773   0.0   0.0        A'7
 774   0.0   0.0       A'10
 775   0.0   0.0       A'13
 776   0.0   0.0        P'6
 777   0.0   0.0        P'7
 778   0.0   0.0        P'8
 779   0.0   0.0        P'9
 780   0.0   0.0       P'10
 781   0.0   0.0        L'1
 782   0.0   0.0        L'4
 783   0.0   0.0        L'7
 784   0.0   0.0       L'10
 785  27.9 104.7      MLC11
 786  31.6 130.5      MLC12
 787  44.1 152.0      MLC13
 788  51.8 169.5      MLC14
 789  62.3 183.4      MLC15
 790  18.6 137.4      MLC21
 791  30.5 155.9      MLC22
 792  37.7 176.1      MLC23
 793  48.3 189.2      MLC24
 794  21.4 180.5      MLC31
 795  32.4 198.6      MLC32
 796  31.5 224.5      MLC33
 797   6.9 174.6      MLC41
 798  18.2 220.4      MLC42
 799  25.3 254.7      MLC43
 800  88.4 104.1      MLF11
 801  91.0 117.8      MLF12
 802  75.8  96.7      MLF21
 803  76.7 111.6      MLF22
 804  80.2 126.2      MLF23
 805  64.1 105.9      MLF31
 806  66.0 122.0      MLF32
 807  70.3 136.4      MLF33
 808  73.7 150.1      MLF34
 809  52.0  98.0      MLF41
 810  53.1 116.9      MLF42
 811  57.0 135.7      MLF43
 812  58.9 151.9      MLF44
 813  67.3 166.2      MLF45
 814  40.7 111.0      MLF51
 815  44.4 131.8      MLF52
 816  75.2 263.0      MLO11
 817  74.1 244.7      MLO12
 818  87.1 253.8      MLO21
 819  86.9 237.4      MLO22
 820 100.6 263.3      MLO31
 821  99.6 246.7      MLO32
 822  99.9 230.4      MLO33
 823 111.6 254.7      MLO41
 824 112.1 239.0      MLO42
 825 113.1 223.1      MLO43
 826  37.7 246.8      MLP11
 827  45.4 227.2      MLP12
 828  45.3 208.0      MLP13
 829  49.8 261.4      MLP21
 830  50.5 244.1      MLP22
 831  62.4 253.5      MLP31
 832  61.4 234.7      MLP32
 833  58.2 218.3      MLP33
 834  59.7 201.0      MLP34
 835  85.5 139.4      MLT11
 836  82.4 161.8      MLT12
 837  78.0 178.7      MLT13
 838  74.7 194.9      MLT14
 839  72.6 211.6      MLT15
 840  73.5 227.7      MLT16
 841  97.4 131.1      MLT21
 842  94.6 151.0      MLT22
 843  93.2 173.1      MLT23
 844  90.0 188.9      MLT24
 845  87.5 204.5      MLT25
 846  86.9 221.4      MLT26
 847 107.2 142.9      MLT31
 848 105.4 162.4      MLT32
 849 104.7 181.3      MLT33
 850 102.0 197.5      MLT34
 851 100.4 213.8      MLT35
 852 116.7 154.4      MLT41
 853 116.2 172.4      MLT42
 854 115.2 189.2      MLT43
 855 112.9 205.6      MLT44
 856  27.9  74.3      MRC11
 857  31.7  48.7      MRC12
 858  44.3  27.7      MRC13
 859  51.7  10.3      MRC14
 860  62.1 356.3      MRC15
 861  18.5  41.8      MRC21
 862  30.7  23.5      MRC22
 863  37.9   3.7      MRC23
 864  48.4 350.7      MRC24
 865  21.7 359.5      MRC31
 866  32.6 341.1      MRC32
 867  31.7 315.7      MRC33
 868   7.1   5.4      MRC41
 869  18.4 320.0      MRC42
 870  25.2 285.9      MRC43
 871  88.2  75.8      MRF11
 872  91.0  61.7      MRF12
 873  75.7  83.1      MRF21
 874  76.7  67.9      MRF22
 875  79.9  53.5      MRF23
 876  64.0  73.7      MRF31
 877  65.7  57.7      MRF32
 878  70.0  42.8      MRF33
 879  74.0  29.0      MRF34
 880  51.9  81.6      MRF41
 881  53.2  62.7      MRF42
 882  56.8  44.0      MRF43
 883  58.9  28.0      MRF44
 884  66.7  13.3      MRF45
 885  40.8  68.7      MRF51
 886  44.3  47.9      MRF52
 887  75.2 277.5      MRO11
 888  74.0 295.5      MRO12
 889  87.1 286.4      MRO21
 890  87.0 302.7      MRO22
 891 100.5 277.1      MRO31
 892  99.5 293.6      MRO32
 893 100.0 309.5      MRO33
 894 111.5 285.5      MRO41
 895 111.8 301.4      MRO42
 896 113.2 317.1      MRO43
 897  37.7 293.4      MRP11
 898  45.5 313.1      MRP12
 899  45.4 332.1      MRP13
 900  49.8 279.1      MRP21
 901  51.0 296.3      MRP22
 902  62.5 286.9      MRP31
 903  61.7 305.4      MRP32
 904  58.3 321.7      MRP33
 905  59.5 339.2      MRP34
 906  85.1  40.0      MRT11
 907  82.2  17.4      MRT12
 908  77.6   1.1      MRT13
 909  74.7 344.7      MRT14
 910  72.5 327.9      MRT15
 911  73.7 312.2      MRT16
 912  97.1  48.5      MRT21
 913  94.5  28.6      MRT22
 914  93.2   6.3      MRT23
 915  89.9 350.8      MRT24
 916  87.3 335.3      MRT25
 917  86.5 318.7      MRT26
 918 107.0  36.8      MRT31
 919 104.1  16.9      MRT32
 920 104.3 358.4      MRT33
 921 101.7 342.3      MRT34
 922 100.1 325.7      MRT35
 923 116.8  24.9      MRT41
 924 116.1   7.2      MRT42
 925 115.1 350.4      MRT43
 926 112.9 334.6      MRT44
 927  13.8  89.5      MZC01
 928  11.9 270.6      MZC02
 929  87.4  90.0      MZF01
 930  63.2  89.8      MZF02
 931  39.4  89.9      MZF03
 932  86.9 270.1      MZO01
 933 110.6 270.3      MZO02
 934  36.7 270.0      MZP01
 935  61.3 270.4      MZP02
 936   0.0   0.0      nk17d
 937   0.0   0.0      nk17a
 938  26.0   0.0      nk18x
 939  26.0   0.0      nk18z
 940  28.9  63.3      nk11x
 941  28.9  63.3      nk11z
 942  28.9 116.7      nk10x
 943  28.9 116.7      nk10z
 944  26.0 180.0      nk16x
 945  26.0 180.0      nk16z
 946  28.9 243.3      nk23x
 947  28.9 243.3      nk23z
 948  28.9 296.7      nk24x
 949  28.9 296.7      nk24z
 950  52.0   0.0      nk19x
 951  52.0   0.0      nk19z
 952  46.8  33.5      nk12d
 953  46.8  33.5      nk12a
 954  57.7  63.2      nk06x
 955  57.7  63.2      nk06z
 956   0.0  90.0      nk05d
 957   0.0  90.0      nk05a
 958  57.7 116.8      nk04x
 959  57.7 116.8      nk04z
 960  46.8 146.5      nk09d
 961  46.8 146.5      nk09a
 962  52.0 180.0      nk15x
 963  52.0 180.0      nk15z
 964  46.8 213.5      nk22x
 965  46.8 213.5      nk22z
 966  57.7 243.2      nk28x
 967  57.7 243.2      nk28z
 968   0.0 270.0      nk29d
 969   0.0 270.0      nk29a
 970  57.7 296.8      nk30x
 971  57.7 296.8      nk30z
 972  46.8 326.5      nk25d
 973  46.8 326.5      nk25a
 974  78.0   0.0      nk20x
 975  78.0   0.0      nk20z
 976  69.9  21.7      nk13x
 977  69.9  21.7      nk13z
 978  73.2  44.7      nk07x
 979  73.2  44.7      nk07z
 980  78.2  80.4      nk02x
 981  78.2  80.4      nk02z
 982  78.2  99.6      nk01x
 983  78.2  99.6      nk01z
 984  73.2 135.3      nk03x
 985  73.2 135.3      nk03z
 986  69.9 158.3      nk08x
 987  69.9 158.3      nk08z
 988  78.0 180.0      nk14x
 989  78.0 180.0      nk14z
 990  69.9 201.7      nk21x
 991  69.9 201.7      nk21z
 992  73.2 224.7      nk27x
 993  73.2 224.7      nk27z
 994  78.2 260.4      nk32x
 995  78.2 260.4      nk32z
 996  78.2 279.6      nk33x
 997  78.2 279.6      nk33z
 998  73.2 315.3      nk31x
 999  73.2 315.3      nk31z
1000   0.0   0.0        DUM
1001   0.0   0.0         A1
1002   0.0   0.0         A2
1003   0.0   0.0         A3
1004   0.0   0.0         A4
1005   0.0   0.0         A5
1006   0.0   0.0         A6
1007   0.0   0.0         A7
1008   0.0   0.0         A8
1009   0.0   0.0         A9
1010   0.0   0.0        A10
1011   0.0   0.0        A11
1012   0.0   0.0        A12
1013   0.0   0.0        A13
1014   0.0   0.0        A14
1015   0.0   0.0        A15
1016   0.0   0.0         B1
1017   0.0   0.0         B2
1018   0.0   0.0         B3
1019   0.0   0.0         B4
1020   0.0   0.0         B5
1021   0.0   0.0         B6
1022   0.0   0.0         B7
1023   0.0   0.0         B8
1024   0.0   0.0         B9
1025   0.0   0.0        B10
1026   0.0   0.0        B11
1027   0.0   0.0        B12
1028   0.0   0.0        B13
1029   0.0   0.0        B14
1030   0.0   0.0        B15
1031   0.0   0.0         C1
1032   0.0   0.0         C2
1033   0.0   0.0         C3
1034   0.0   0.0         C4
1035   0.0   0.0         C5
1036   0.0   0.0         C6
1037   0.0   0.0         C7
1038   0.0   0.0         C8
1039   0.0   0.0         C9
1040   0.0   0.0        C10
1041   0.0   0.0        C11
1042   0.0   0.0        C12
1043   0.0   0.0        C13
1044   0.0   0.0        C14
1045   0.0   0.0        C15
1046   0.0   0.0         D1
1047   0.0   0.0         D2
1048   0.0   0.0         D3
1049   0.0   0.0         D4
1050   0.0   0.0         D5
1051   0.0   0.0         D6
1052   0.0   0.0         D7
1053   0.0   0.0         D8
1054   0.0   0.0         D9
1055   0.0   0.0        D10
1056   0.0   0.0        D11
1057   0.0   0.0        D12
1058   0.0   0.0        D13
1059   0.0   0.0        D14
1060   0.0   0.0        D15
1061   0.0   0.0         E1
1062   0.0   0.0         E2
1063   0.0   0.0         E3
1064   0.0   0.0         E4
1065   0.0   0.0         E5
1066   0.0   0.0         E6
1067   0.0   0.0         E7
1068   0.0   0.0         E8
1069   0.0   0.0         E9
1070   0.0   0.0        E10
1071   0.0   0.0        E11
1072   0.0   0.0        E12
1073   0.0   0.0        E13
1074   0.0   0.0        E14
1075   0.0   0.0        E15
1076   0.0   0.0         G1
1077   0.0   0.0         G2
1078   0.0   0.0         G3
1079   0.0   0.0         G4
1080   0.0   0.0         G5
1081   0.0   0.0         G6
1082   0.0   0.0         G7
1083   0.0   0.0         G8
1084   0.0   0.0         G9
1085   0.0   0.0        G10
1086   0.0   0.0        G11
1087   0.0   0.0        G12
1088   0.0   0.0        G13
1089   0.0   0.0        G14
1090   0.0   0.0        G15
1091   0.0   0.0         H1
1092   0.0   0.0         H2
1093   0.0   0.0         H3
1094   0.0   0.0         H4
1095   0.0   0.0         H5
1096   0.0   0.0         H6
1097   0.0   0.0         H7
1098   0.0   0.0         H8
1099   0.0   0.0         H9
1100   0.0   0.0        H10
1101   0.0   0.0        H11
1102   0.0   0.0        H12
1103   0.0   0.0        H13
1104   0.0   0.0        H14
1105   0.0   0.0        H15
1106   0.0   0.0         J1
1107   0.0   0.0         J2
1108   0.0   0.0         J3
1109   0.0   0.0         J4
1110   0.0   0.0         J5
1111   0.0   0.0         J6
1112   0.0   0.0         J7
1113   0.0   0.0         J8
1114   0.0   0.0         J9
1115   0.0   0.0        J10
1116   0.0   0.0        J11
1117   0.0   0.0        J12
1118   0.0   0.0        J13
1119   0.0   0.0        J14
1120   0.0   0.0        J15
1121   0.0   0.0         K1
1122   0.0   0.0         K2
1123   0.0   0.0         K3
1124   0.0   0.0         K4
1125   0.0   0.0         K5
1126   0.0   0.0         K6
1127   0.0   0.0         K7
1128   0.0   0.0         K8
1129   0.0   0.0         K9
1130   0.0   0.0        K10
1131   0.0   0.0        K11
1132   0.0   0.0        K12
1133   0.0   0.0        K13
1134   0.0   0.0        K14
1135   0.0   0.0        K15
1136   0.0   0.0         M1
1137   0.0   0.0         M2
1138   0.0   0.0         M3
1139   0.0   0.0         M4
1140   0.0   0.0         M5
1141   0.0   0.0         M6
1142   0.0   0.0         M7
1143   0.0   0.0         M8
1144   0.0   0.0         M9
1145   0.0   0.0        M10
1146   0.0   0.0        M11
1147   0.0   0.0        M12
1148   0.0   0.0        M13
1149   0.0   0.0        M14
1150   0.0   0.0        M15
1151   0.0   0.0         O1
1152   0.0   0.0         O2
1153   0.0   0.0         O3
1154   0.0   0.0         O4
1155   0.0   0.0         O5
1156   0.0   0.0         O6
1157   0.0   0.0         O7
1158   0.0   0.0         O8
1159   0.0   0.0         O9
1160   0.0   0.0        O10
1161   0.0   0.0        O11
1162   0.0   0.0        O12
1163   0.0   0.0        O13
1164   0.0   0.0        O14
1165   0.0   0.0        O15
1166   0.0   0.0         P1
1167   0.0   0.0         P2
1168   0.0   0.0         P3
1169   0.0   0.0         P4
1170   0.0   0.0         P5
1171   0.0   0.0         P6
1172   0.0   0.0         P7
1173   0.0   0.0         P8
1174   0.0   0.0         P9
1175   0.0   0.0        P10
1176   0.0   0.0        P11
1177   0.0   0.0        P12
1178   0.0   0.0        P13
1179   0.0   0.0        P14
1180   0.0   0.0        P15
1181   0.0   0.0         S1
1182   0.0   0.0         S2
1183   0.0   0.0         S3
1184   0.0   0.0         S4
1185   0.0   0.0         S5
1186   0.0   0.0         S6
1187   0.0   0.0         S7
1188   0.0   0.0         S8
1189   0.0   0.0         S9
1190   0.0   0.0        S10
1191   0.0   0.0        S11
1192   0.0   0.0        S12
1193   0.0   0.0        S13
1194   0.0   0.0        S14
1195   0.0   0.0        S15
1196   0.0   0.0         T1
1197   0.0   0.0         T2
1198   0.0   0.0         T3
1199   0.0   0.0         T4
1200   0.0   0.0         T5
1201   0.0   0.0         T6
1202   0.0   0.0         T7
1203   0.0   0.0         T8
1204   0.0   0.0         T9
1205   0.0   0.0        T10
1206   0.0   0.0        T11
1207   0.0   0.0        T12
1208   0.0   0.0        T13
1209   0.0   0.0        T14
1210   0.0   0.0        T15
1211   0.0   0.0         V1
1212   0.0   0.0         V2
1213   0.0   0.0         V3
1214   0.0   0.0         V4
1215   0.0   0.0         V5
1216   0.0   0.0         V6
1217   0.0   0.0         V7
1218   0.0   0.0         V8
1219   0.0   0.0         V9
1220   0.0   0.0        V10
1221   0.0   0.0        V11
1222   0.0   0.0        V12
1223   0.0   0.0        V13
1224   0.0   0.0        V14
1225   0.0   0.0        V15
1226   0.0   0.0         W1
1227   0.0   0.0         W2
1228   0.0   0.0         W3
1229   0.0   0.0         W4
1230   0.0   0.0         W5
1231   0.0   0.0         W6
1232   0.0   0.0         W7
1233   0.0   0.0         W8
1234   0.0   0.0         W9
1235   0.0   0.0        W10
1236   0.0   0.0        W11
1237   0.0   0.0        W12
1238   0.0   0.0        W13
1239   0.0   0.0        W14
1240   0.0   0.0        W15
1241   0.0   0.0         X1
1242   0.0   0.0         X2
1243   0.0   0.0         X3
1244   0.0   0.0         X4
1245   0.0   0.0         X5
1246   0.0   0.0         X6
1247   0.0   0.0         X7
1248   0.0   0.0         X8
1249   0.0   0.0         X9
1250   0.0   0.0        X10
1251   0.0   0.0        X11
1252   0.0   0.0        X12
1253   0.0   0.0        X13
1254   0.0   0.0        X14
1255   0.0   0.0        X15
1256   0.0   0.0         L1
1257   0.0   0.0         L2
1258   0.0   0.0         L3
1259   0.0   0.0         L4
1260   0.0   0.0         L5
1261   0.0   0.0         L6
1262   0.0   0.0         L7
1263   0.0   0.0         L8
1264   0.0   0.0         L9
1265   0.0   0.0        L10
1266   0.0   0.0        L11
1267   0.0   0.0        L12
1268   0.0   0.0        L13
1269   0.0   0.0        L14
1270   0.0   0.0        L15
1271  79.6  34.4         e1
1272  73.7  17.6         e2
1273  83.4   0.5         e3
1274  73.7 344.3         e4
1275  68.9 325.9         e5
1276  68.5 307.5         e6
1277  72.2  72.4         e7
1278  67.8  52.8         e8
1279  57.2  32.1         e9
1280  60.0   3.9        e10
1281  53.3 343.6        e11
1282  49.6 321.9        e12
1283  52.8 301.4        e13
1284  65.2 287.1        e14
1285  55.0  77.4        e15
1286  46.4  58.0        e16
1287  36.9  33.4        e17
1288  40.1   4.7        e18
1289  32.7 335.2        e19
1290  34.9 301.1        e20
1291  48.2 281.4        e21
1292  21.3  58.5        e22
1293  18.9   5.2        e23
1294  18.0 301.4        e24
1295 126.6  76.9        e25
1296 127.1  59.9        e26
1297 130.1  42.8        e27
1298 136.0  25.5        e28
1299 141.5   8.1        e29
1300 136.3 349.9        e30
1301 116.4  83.5        e31
1302 115.8  66.4        e32
1303 116.7  49.1        e33
1304 119.5  33.8        e34
1305 126.5  19.0        e35
1306 131.6   3.6        e36
1307 100.3  74.6        e37
1308 102.2  56.5        e38
1309 103.8  35.7        e39
1310 111.5  18.5        e40
1311 118.7   1.7        e41
1312  86.4  82.3        e42
1313  86.9  64.2        e43
1314  89.6  47.5        e44
1315  94.4  19.0        e45
1316 103.1   1.5        e46
1317 131.3 334.7        e47
1318 125.3 319.8        e48
1319 121.2 305.5        e49
1320 117.5 292.6        e50
1321 115.2 279.8        e51
1322 125.9 346.8        e52
1323 119.5 332.5        e53
1324 114.4 316.9        e54
1325 109.5 302.8        e55
1326 105.6 289.2        e56
1327 104.3 275.7        e57
1328 112.9 345.9        e58
1329 104.5 330.5        e59
1330  99.6 314.9        e60
1331  94.9 299.7        e61
1332  92.5 284.0        e62
1333  94.5 344.5        e63
1334  86.7 328.6        e64
1335  84.4 312.2        e65
1336  80.2 294.7        e66
1337  78.3 277.5        e67
1338  70.5  92.1        e68
1339  36.7  93.2        e69
1340   2.2 143.0        e70
1341  31.7 266.8        e71
1342  63.3 268.1        e72
1343 122.8  92.2        e73
1344 100.1  92.1        e74
1345 114.4 268.0        e75
1346  91.8 268.2        e76
1347  81.3 149.0        e77
1348  76.2 164.8        e78
1349  85.5 180.7        e79
1350  76.6 195.4        e80
1351  71.2 212.2        e81
1352  70.5 229.6        e82
1353  72.6 111.7        e83
1354  69.1 131.1        e84
1355  59.4 151.1        e85
1356  63.1 177.5        e86
1357  56.6 195.9        e87
1358  52.6 215.7        e88
1359  54.7 235.1        e89
1360  66.4 249.4        e90
1361  55.5 107.1        e91
1362  48.0 126.8        e92
1363  39.6 150.6        e93
1364  43.3 176.5        e94
1365  35.9 202.8        e95
1366  36.6 234.5        e96
1367  49.1 254.2        e97
1368  23.2 129.8        e98
1369  22.3 176.0        e99
1370  20.1 230.0       e100
1371 126.2 108.3       e101
1372 126.2 124.8       e102
1373 128.9 141.4       e103
1374 134.3 157.8       e104
1375 139.4 174.0       e105
1376 134.2 190.3       e106
1377 116.2 101.8       e107
1378 115.2 118.2       e108
1379 116.0 135.1       e109
1380 118.9 149.7       e110
1381 125.5 163.7       e111
1382 129.5 178.1       e112
1383 100.6 109.7       e113
1384 102.2 127.5       e114
1385 103.5 148.0       e115
1386 111.3 164.1       e116
1387 117.9 179.5       e117
1388  86.2 101.9       e118
1389  87.0 119.8       e119
1390  90.1 136.2       e120
1391  95.9 163.7       e121
1392 103.6 179.8       e122
1393 129.8 204.3       e123
1394 124.4 218.0       e124
1395 120.4 231.2       e125
1396 117.0 243.7       e126
1397 115.0 256.1       e127
1398 124.8 193.3       e128
1399 119.2 206.3       e129
1400 113.9 220.7       e130
1401 108.9 233.9       e131
1402 105.5 247.1       e132
1403 104.2 260.4       e133
1404 112.7 194.1       e134
1405 104.8 208.3       e135
1406 100.1 222.7       e136
1407  95.5 237.3       e137
1408  92.9 252.5       e138
1409  95.6 195.2       e139
1410  88.3 209.8       e140
1411  85.8 225.2       e141
1412  81.6 242.1       e142
1413  78.7 258.9       e143
1414  96.1 113.7         e1
1415  92.1  96.0         e2
1416  92.8  76.6         e3
1417 102.6 133.6         e4
1418  77.2 119.8         e5
1419  71.2  95.2         e6
1420  77.1  71.6         e7
1421  96.4  53.7         e8
1422 111.0 153.8         e9
1423  84.9 146.5        e10
1424  57.4 128.1        e11
1425  47.1  97.3        e12
1426  53.2  63.0        e13
1427  84.4  41.9        e14
1428 108.4  38.9        e15
1429 128.1 172.2        e16
1430 113.7 171.8        e17
1431  90.8 168.1        e18
1432  61.1 163.1        e19
1433  38.4 148.1        e20
1434  21.5 100.6        e21
1435  32.8  37.1        e22
1436  58.0  21.1        e23
1437  85.3  17.6        e24
1438 113.5  16.1        e25
1439 126.9  16.5        e26
1440 110.3 191.8        e27
1441  90.3 189.8        e28
1442  63.3 189.1        e29
1443  32.3 191.3        e30
1444   6.8 254.5        e31
1445  26.9 344.9        e32
1446  57.3 351.1        e33
1447  89.3 352.3        e34
1448 111.4 354.3        e35
1449 118.8 208.4        e36
1450  92.7 208.2        e37
1451  67.1 213.1        e38
1452  45.5 231.4        e39
1453  36.5 265.1        e40
1454  43.9 302.6        e41
1455  66.3 323.7        e42
1456  88.0 329.9        e43
1457 122.8 334.9        e44
1458 139.4 207.8        e45
1459 129.5 218.1        e46
1460  93.5 226.9        e47
1461  70.1 244.6        e48
1462  62.7 268.7        e49
1463  70.3 294.7        e50
1464  95.2 310.0        e51
1465 132.5 325.3        e52
1466 143.5 336.6        e53
1467 138.1 226.9        e54
1468 119.4 231.0        e55
1469  99.0 249.9        e56
1470  94.0 269.2        e57
1471 103.5 289.0        e58
1472 121.3 307.1        e59
1473 141.3 315.0        e60
1474 126.6 248.7        e61
1475 119.8 268.0        e62
1476 128.2 288.2        e63
1477  82.3 253.3         e1
1478  82.0 289.8         e2
1479  84.7 217.0         e3
1480  57.4 221.6         e4
1481  37.3 271.0         e5
1482  56.7 321.1         e6
1483  83.7 326.0         e7
1484  88.2 180.9         e8
1485  44.2 174.7         e9
1486   6.3  94.2        e10
1487  43.4   8.0        e11
1488  87.0   1.8        e12
1489  91.8 145.0        e13
1490  65.8 135.9        e14
1491  49.8  91.5        e15
1492  65.1  46.7        e16
1493  90.8  37.3        e17
1494  94.1 109.1        e18
1495  93.7  73.1        e19
1496 115.2 219.6        e20
1497 114.0 323.8        e21
1498  71.9  91.3        e22
1499  35.2 131.8        e23
1500  34.7  51.5        e24
1501  26.8 215.1        e25
1502  26.2 327.0        e26
1503  76.0 159.2        e27
1504  75.1  23.3        e28
1505  71.8 199.7        e29
1506  70.9 343.1        e30
1507 112.2 246.7        e31
1508 111.5 297.0        e32
1509   0.0   0.0         N1
1510   0.0   0.0         N2
1511   0.0   0.0         N3
1512   0.0   0.0         N4
1513   0.0   0.0         N5
1514   0.0   0.0         N6
1515   0.0   0.0         N7
1516   0.0   0.0         N8
1517   0.0   0.0         N9
1518   0.0   0.0        N10
1519   0.0   0.0        N11
1520   0.0   0.0        N12
1521   0.0   0.0        N13
1522   0.0   0.0        N14
1523   0.0   0.0        N15
1524   0.0   0.0        N'1
1525   0.0   0.0        N'2
1526   0.0   0.0        N'3
1527   0.0   0.0        N'4
1528   0.0   0.0        N'5
1529   0.0   0.0        N'6
1530   0.0   0.0        N'7
1531   0.0   0.0        N'8
1532   0.0   0.0        N'9
1533   0.0   0.0       N'10
1534   0.0   0.0       N'11
1535   0.0   0.0       N'12
1536   0.0   0.0       N'13
1537   0.0   0.0       N'14
1538   0.0   0.0       N'15
1539   0.0   0.0        T'6
1540   0.0   0.0        T'7
1541   0.0   0.0        T'8
1542   0.0   0.0        T'9
1543   0.0   0.0       T'10
1544   0.0   0.0       T'11
1545   0.0   0.0       T'12
1546   0.0   0.0       T'13
1547   0.0   0.0       T'14
1548   0.0   0.0       T'15
1549   0.0   0.0        P'1
1550   0.0   0.0        P'2
1551   0.0   0.0        P'3
1552   0.0   0.0        P'4
1553   0.0   0.0        P'5
1554   0.0   0.0        P'6
1555   0.0   0.0        P'7
1556   0.0   0.0        P'8
1557   0.0   0.0        P'9
1558   0.0   0.0       P'10
1559   0.0   0.0       P'11
1560   0.0   0.0       P'12
1561   0.0   0.0       P'13
1562   0.0   0.0       P'14
1563   0.0   0.0       P'15
1564   0.0   0.0        L'2
1565   0.0   0.0        L'3
1566   0.0   0.0        L'5
1567   0.0   0.0        L'6
1568   0.0   0.0        L'8
1569   0.0   0.0        L'9
1570   0.0   0.0       L'11
1571   0.0   0.0       L'12
1572   0.0   0.0       L'14
1573   0.0   0.0       L'15
1574   0.0   0.0        O'1
1575   0.0   0.0        O'2
1576   0.0   0.0        O'3
1577   0.0   0.0        O'4
1578   0.0   0.0        O'5
1579   0.0   0.0        O'6
1580   0.0   0.0        O'7
1581   0.0   0.0        O'8
1582   0.0   0.0        O'9
1583   0.0   0.0       O'10
1584   0.0   0.0       O'11
1585   0.0   0.0       O'12
1586   0.0   0.0       O'13
1587   0.0   0.0       O'14
1588   0.0   0.0       O'15
1589 101.4 260.3        Sim
1590 100.5 244.8        Sim
1591 113.7 239.3        Sim
1592  79.4 260.1        Sim
1593  84.8 241.3        Sim
1594  89.6 227.0        Sim
1595 103.0 222.1        Sim
1596  58.2 257.8        Sim
1597  66.1 236.6        Sim
1598  75.8 218.8        Sim
1599  96.1 207.9        Sim
1600  36.2 251.3        Sim
1601  48.8 223.5        Sim
1602  61.8 210.7        Sim
1603  83.6 206.2        Sim
1604  16.0 224.1        Sim
1605  36.5 197.2        Sim
1606  58.4 192.6        Sim
1607  79.5 190.6        Sim
1608  16.0 135.9        Sim
1609  36.5 162.8        Sim
1610  54.3 172.2        Sim
1611  36.2 108.7        Sim
1612  48.8 136.5        Sim
1613  63.8 158.4        Sim
1614  77.5 173.3        Sim
1615  58.0 104.6        Sim
1616  61.5 124.7        Sim
1617  75.8 106.1        Sim
1618  90.0 126.0        Sim
1619  74.4 140.4        Sim
1620  89.4 161.2        Sim
1621 101.4 279.7        Sim
1622 100.5 295.2        Sim
1623 113.7 300.7        Sim
1624  79.4 279.9        Sim
1625  84.8 298.7        Sim
1626  89.6 313.0        Sim
1627 103.0 317.9        Sim
1628  58.2 282.2        Sim
1629  66.1 303.4        Sim
1630  75.8 321.2        Sim
1631  96.1 332.1        Sim
1632  36.2 288.7        Sim
1633  48.8 316.5        Sim
1634  61.8 329.3        Sim
1635  83.6 333.8        Sim
1636  16.0 315.9        Sim
1637  36.5 342.8        Sim
1638  58.4 347.4        Sim
1639  79.5 349.4        Sim
1640  16.0  44.1        Sim
1641  36.5  17.2        Sim
1642  54.3   7.8        Sim
1643  36.2  71.3        Sim
1644  48.8  43.5        Sim
1645  63.8  21.6        Sim
1646  77.5   6.7        Sim
1647  58.0  75.4        Sim
1648  61.5  55.3        Sim
1649  75.8  73.9        Sim
1650  90.0  54.0        Sim
1651  74.4  39.6        Sim
1652  89.4  18.8        Sim
1653  90.0 261.0        Sim
1654 101.2 270.0        Sim
1655 112.8 259.5        Sim
1656 101.2 250.5        Sim
1657 105.7 240.9        Sim
1658  94.4 242.8        Sim
1659  78.7 270.0        Sim
1660  68.8 259.1        Sim
1661  80.4 250.2        Sim
1662  89.4 232.6        Sim
1663  75.3 239.9        Sim
1664  85.0 223.8        Sim
1665  94.4 224.7        Sim
1666 106.6 231.5        Sim
1667 111.6 219.3        Sim
1668  99.1 212.9        Sim
1669  47.6 256.2        Sim
1670  61.2 246.2        Sim
1671  56.2 270.0        Sim
1672  57.0 232.7        Sim
1673  71.5 227.6        Sim
1674  80.5 210.4        Sim
1675  66.8 213.5        Sim
1676  99.1 203.7        Sim
1677  90.0 207.0        Sim
1678  41.2 235.5        Sim
1679  25.1 242.7        Sim
1680  33.8 270.0        Sim
1681  41.4 211.7        Sim
1682  57.2 214.2        Sim
1683  61.6 204.3        Sim
1684  80.5 201.1        Sim
1685  11.3 180.0        Sim
1686  25.4 205.0        Sim
1687  11.2 270.0        Sim
1688  33.8 180.0        Sim
1689  47.9 192.8        Sim
1690  56.3 180.0        Sim
1691  68.9 192.4        Sim
1692  78.7 180.0        Sim
1693  90.0 189.0        Sim
1694  25.4 155.0        Sim
1695  25.1 117.3        Sim
1696  11.2  90.0        Sim
1697  41.4 148.3        Sim
1698  47.9 167.2        Sim
1699  59.2 168.9        Sim
1700  47.6 103.8        Sim
1701  41.2 124.5        Sim
1702  33.8  90.0        Sim
1703  57.0 127.3        Sim
1704  57.2 145.8        Sim
1705  71.3 169.6        Sim
1706  69.0 148.8        Sim
1707  82.7 170.0        Sim
1708  56.3  90.0        Sim
1709  68.5 105.2        Sim
1710  61.2 118.3        Sim
1711  66.7 128.2        Sim
1712  78.6  99.4        Sim
1713  80.4 113.8        Sim
1714  80.2 132.4        Sim
1715  82.7 151.7        Sim
1716  96.0 170.7        Sim
1717  96.0 152.5        Sim
1718  90.0 279.0        Sim
1719 112.8 280.5        Sim
1720 101.2 289.5        Sim
1721 105.7 299.1        Sim
1722  94.4 297.2        Sim
1723  68.8 280.9        Sim
1724  80.4 289.8        Sim
1725  89.4 307.4        Sim
1726  75.3 300.1        Sim
1727  85.0 316.2        Sim
1728  94.4 315.3        Sim
1729 106.6 308.5        Sim
1730 111.6 320.7        Sim
1731  99.1 327.1        Sim
1732  47.6 283.8        Sim
1733  61.2 293.8        Sim
1734  57.0 307.3        Sim
1735  71.5 312.4        Sim
1736  80.5 329.6        Sim
1737  66.8 326.5        Sim
1738  99.1 336.3        Sim
1739  90.0 333.0        Sim
1740  41.2 304.5        Sim
1741  25.1 297.3        Sim
1742  41.4 328.3        Sim
1743  57.2 325.8        Sim
1744  61.6 335.7        Sim
1745  80.5 338.9        Sim
1746  11.3   0.0        Sim
1747  25.4 335.0        Sim
1748  33.8   0.0        Sim
1749  47.9 347.2        Sim
1750  56.3   0.0        Sim
1751  68.9 347.6        Sim
1752  78.7   0.0        Sim
1753  90.0 351.0        Sim
1754  25.4  25.0        Sim
1755  25.1  62.7        Sim
1756  41.4  31.7        Sim
1757  47.9  12.8        Sim
1758  59.2  11.1        Sim
1759  47.6  76.2        Sim
1760  41.2  55.5        Sim
1761  57.0  52.7        Sim
1762  57.2  34.2        Sim
1763  71.3  10.4        Sim
1764  69.0  31.2        Sim
1765  82.7  10.0        Sim
1766  68.5  74.8        Sim
1767  61.2  61.7        Sim
1768  66.7  51.8        Sim
1769  78.6  80.6        Sim
1770  80.4  66.2        Sim
1771  80.2  47.6        Sim
1772  82.7  28.3        Sim
1773  96.0   9.3        Sim
1774  96.0  27.5        Sim
1775  78.8  90.0        Sim
1776  90.0  99.0        Sim
1777  90.0  81.0        Sim
1778   0.0   0.0        S'1
1779   0.0   0.0        S'2
1780   0.0   0.0        S'3
1781   0.0   0.0        S'4
1782   0.0   0.0        S'5
1783   0.0   0.0        S'6
1784   0.0   0.0        S'7
1785   0.0   0.0        S'8
1786   0.0   0.0        S'9
1787   0.0   0.0       S'10
1788   0.0   0.0       S'11
1789   0.0   0.0       S'12
1790   0.0   0.0       S'13
1791   0.0   0.0       S'14
1792   0.0   0.0       S'15
1793   0.0   0.0        M'1
1794   0.0   0.0        M'2
1795   0.0   0.0        M'3
1796   0.0   0.0        M'4
1797   0.0   0.0        M'5
1798   0.0   0.0        M'6
1799   0.0   0.0        M'7
1800   0.0   0.0        M'8
1801   0.0   0.0        M'9
1802   0.0   0.0       M'10
1803   0.0   0.0       M'11
1804   0.0   0.0       M'12
1805   0.0   0.0       M'13
1806   0.0   0.0       M'14
1807   0.0   0.0       M'15
1808   0.0   0.0         U1
1809   0.0   0.0         U2
1810   0.0   0.0         U3
1811   0.0   0.0         U4
1812   0.0   0.0         U5
1813   0.0   0.0         U6
1814   0.0   0.0         U7
1815   0.0   0.0         U8
1816   0.0   0.0         U9
1817   0.0   0.0        U10
1818   0.0   0.0        U11
1819   0.0   0.0        U12
1820   0.0   0.0        U13
1821   0.0   0.0        U14
1822   0.0   0.0        U15
1823   0.0   0.0        DUM
1824   0.0   0.0        DUM
1825   0.0   0.0        DUM
1826   0.0   0.0        DUM
1827   0.0   0.0        DUM
1828   0.0   0.0        DUM
1829   0.0   0.0        DUM
1830   0.0   0.0        DUM
1831   0.0   0.0        E'1
1832   0.0   0.0        E'2
1833   0.0   0.0        E'3
1834   0.0   0.0        E'4
1835   0.0   0.0        E'5
1836   0.0   0.0        E'6
1837   0.0   0.0        E'7
1838   0.0   0.0        E'8
1839   0.0   0.0        E'9
1840   0.0   0.0       E'10
1841   0.0   0.0       E'11
1842   0.0   0.0       E'12
1843   0.0   0.0       E'13
1844   0.0   0.0       E'14
1845   0.0   0.0       E'15
1846   0.0   0.0        C'1
1847   0.0   0.0        C'2
1848   0.0   0.0        C'3
1849   0.0   0.0        C'4
1850   0.0   0.0        C'5
1851   0.0   0.0        C'6
1852   0.0   0.0        C'7
1853   0.0   0.0        C'8
1854   0.0   0.0        C'9
1855   0.0   0.0       C'10
1856   0.0   0.0       C'11
1857   0.0   0.0       C'12
1858   0.0   0.0       C'13
1859   0.0   0.0       C'14
1860   0.0   0.0       C'15
1861  18.0  20.6       BrA1
1862  14.1  26.6       BrA2
1863  10.5  36.9       BrA3
1864   7.6  56.3       BrA4
1865   6.3  90.0       BrA5
1866   7.6 123.7       BrA6
1867  10.5 143.1       BrA7
1868  14.1 153.4       BrA8
1869  18.0 159.4       BrA9
1870  17.0   7.1       BrB1
1871  12.8   9.5       BrB2
1872   8.7  14.0       BrB3
1873   4.7  26.6       BrB4
1874   2.1  90.0       BrB5
1875   4.7 153.4       BrB6
1876   8.7 166.0       BrB7
1877  12.8 170.5       BrB8
1878  17.0 172.9       BrB9
1879  17.0 352.9       BrC1
1880  12.8 350.5       BrC2
1881   8.7 346.0       BrC3
1882   4.7 333.4       BrC4
1883   2.1 270.0       BrC5
1884   4.7 206.6       BrC6
1885   8.7 194.0       BrC7
1886  12.8 189.5       BrC8
1887  17.0 187.1       BrC9
1888  18.0 339.4       BrD1
1889  14.1 333.4       BrD2
1890  10.5 323.1       BrD3
1891   7.6 303.7       BrD4
1892   6.3 270.0       BrD5
1893   7.6 236.3       BrD6
1894  10.5 216.9       BrD7
1895  14.1 206.6       BrD8
1896  18.0 200.6       BrD9
1897   0.0   0.0        A'2
1898   0.0   0.0        A'3
1899   0.0   0.0        A'5
1900   0.0   0.0        A'6
1901   0.0   0.0        A'8
1902   0.0   0.0        A'9
1903   0.0   0.0       A'11
1904   0.0   0.0       A'12
1905   0.0   0.0       A'14
1906   0.0   0.0       A'15
1907   0.0   0.0        B'2
1908   0.0   0.0        B'4
1909   0.0   0.0        B'6
1910   0.0   0.0        B'8
1911   0.0   0.0       B'10
1912   0.0   0.0       B'12
1913   0.0   0.0       B'14
1914   0.0   0.0        G'1
1915   0.0   0.0        G'2
1916   0.0   0.0        G'3
1917   0.0   0.0        G'4
1918   0.0   0.0        G'5
1919   0.0   0.0        G'6
1920   0.0   0.0        G'7
1921   0.0   0.0        G'8
1922   0.0   0.0        G'9
1923   0.0   0.0       G'10
1924   0.0   0.0       G'11
1925   0.0   0.0       G'12
1926   0.0   0.0       G'13
1927   0.0   0.0       G'14
1928   0.0   0.0       G'15
1929   0.0   0.0        K'1
1930   0.0   0.0        K'2
1931   0.0   0.0        K'3
1932   0.0   0.0        K'4
1933   0.0   0.0        K'5
1934   0.0   0.0        K'6
1935   0.0   0.0        K'7
1936   0.0   0.0        K'8
1937   0.0   0.0        K'9
1938   0.0   0.0       K'10
1939   0.0   0.0       K'11
1940   0.0   0.0       K'12
1941   0.0   0.0       K'13
1942   0.0   0.0       K'14
1943   0.0   0.0       K'15
1944   0.0   0.0        X'1
1945   0.0   0.0        X'2
1946   0.0   0.0        X'3
1947   0.0   0.0        X'4
1948   0.0   0.0        X'5
1949   0.0   0.0        X'6
1950   0.0   0.0        X'7
1951   0.0   0.0        X'8
1952   0.0   0.0        X'9
1953   0.0   0.0       X'10
1954   0.0   0.0       X'11
1955   0.0   0.0       X'12
1956   0.0   0.0       X'13
1957   0.0   0.0       X'14
1958   0.0   0.0       X'15
1959   0.0   0.0         F1
1960   0.0   0.0         F2
1961   0.0   0.0         F3
1962   0.0   0.0         F4
1963   0.0   0.0         F5
1964   0.0   0.0         F6
1965   0.0   0.0         F7
1966   0.0   0.0         F8
1967   0.0   0.0         F9
1968   0.0   0.0        F10
1969   0.0   0.0        V'1
1970   0.0   0.0        V'2
1971   0.0   0.0        V'3
1972   0.0   0.0        V'4
1973   0.0   0.0        V'5
1974   0.0   0.0        V'6
1975   0.0   0.0        V'7
1976   0.0   0.0        V'8
1977   0.0   0.0        V'9
1978   0.0   0.0       V'10
1979   0.0   0.0       V'11
1980   0.0   0.0       V'12
1981   0.0   0.0       V'13
1982   0.0   0.0       V'14
1983   0.0   0.0       V'15
1984   0.0   0.0        W'1
1985   0.0   0.0        W'2
1986   0.0   0.0        W'3
1987   0.0   0.0        W'4
1988   0.0   0.0        W'5
1989   0.0   0.0        W'6
1990   0.0   0.0        W'7
1991   0.0   0.0        W'8
1992   0.0   0.0        W'9
1993   0.0   0.0       W'10
1994   0.0   0.0       W'11
1995   0.0   0.0       W'12
1996   0.0   0.0       W'13
1997   0.0   0.0       W'14
1998   0.0   0.0       W'15
1999   0.0   0.0         D1
2000   0.0   0.0         D2
2001   0.0   0.0         D3
2002   0.0   0.0         D4
2003   0.0   0.0         D5
2004   0.0   0.0         D6
2005   0.0   0.0         D7
2006   0.0   0.0         D8
2007   0.0   0.0         D9
2008   0.0   0.0        D10
2009   0.0   0.0        D11
2010   0.0   0.0        D12
2011   0.0   0.0        D13
2012   0.0   0.0        D14
2013   0.0   0.0        D15
2014   0.0   0.0        D'1
2015   0.0   0.0        D'2
2016   0.0   0.0        D'3
2017   0.0   0.0        D'4
2018   0.0   0.0        D'5
2019   0.0   0.0        D'6
2020   0.0   0.0        D'7
2021   0.0   0.0        D'8
2022   0.0   0.0        D'9
2023   0.0   0.0       D'10
2024   0.0   0.0       D'11
2025   0.0   0.0       D'12
2026   0.0   0.0       D'13
2027   0.0   0.0       D'14
2028   0.0   0.0       D'15
2029  17.0 121.0      BrB56
2030  54.0  12.0      BrB32
2031  60.0  35.0      BrA32
2032  76.7  15.9      BrA10
2033  56.7  21.8      BrA11
2034  38.0  33.7      BrA12
2035  23.6  63.4      BrA13
2036  23.6 116.6      BrA14
2037  38.0 146.3      BrA15
2038  56.7 158.2      BrA16
2039  76.7 164.1      BrA17
2040  73.7   0.0      BrB10
2041  52.7   0.0      BrB11
2042  31.6   0.0      BrB12
2043  10.5   0.0      BrB13
2044  10.5 180.0      BrB14
2045  31.6 180.0      BrB15
2046  52.7 180.0      BrB16
2047  73.7 180.0      BrB17
2048  76.7 344.1      BrC10
2049  56.7 338.2      BrC11
2050  38.0 326.3      BrC12
2051  23.6 296.6      BrC13
2052  23.6 243.4      BrC14
2053  38.0 213.7      BrC15
2054  56.7 201.8      BrC16
2055  76.7 195.9      BrC17
2056   0.0   0.0       H'11
2057   0.0   0.0       H'12
2058   0.0   0.0       H'13
2059   0.0   0.0       H'14
2060   0.0   0.0       H'15
2061   0.0   0.0        F'1
2062   0.0   0.0        F'2
2063   0.0   0.0        F'3
2064   0.0   0.0        F'4
2065   0.0   0.0        F'5
2066   0.0   0.0        F'6
2067   0.0   0.0        F'7
2068   0.0   0.0        F'8
2069   0.0   0.0        F'9
2070   0.0   0.0       F'10
2071   0.0   0.0       F'11
2072   0.0   0.0       F'12
2073   0.0   0.0       F'13
2074   0.0   0.0       F'14
2075   0.0   0.0       F'15
2076   0.0   0.0        F11
2077   0.0   0.0        F12
2078   0.0   0.0        F13
2079   0.0   0.0        F14
2080   0.0   0.0        F15
2081   0.0   0.0        R'1
2082   0.0   0.0        R'2
2083   0.0   0.0        R'3
2084   0.0   0.0        R'4
2085   0.0   0.0        R'5
2086   0.0   0.0        R'6
2087   0.0   0.0        R'7
2088   0.0   0.0        R'8
2089   0.0   0.0        R'9
2090   0.0   0.0       R'10
2091   0.0   0.0       R'11
2092   0.0   0.0       R'12
2093   0.0   0.0       R'12
2094   0.0   0.0       R'13
2095   0.0   0.0       R'14
2096   0.0   0.0       R'15
2097   0.0   0.0         R1
2098   0.0   0.0         R2
2099   0.0   0.0         R3
2100   0.0   0.0         R4
2101   0.0   0.0         R5
2102   0.0   0.0         R6
2103   0.0   0.0         R7
2104   0.0   0.0         R8
2105   0.0   0.0         R9
2106   0.0   0.0        R10
2107   0.0   0.0        R11
2108   0.0   0.0        R12
2109   0.0   0.0        R13
2110   0.0   0.0        R14
2111   0.0   0.0        R15
2112  86.9 107.4     CBRU01
2113  87.0  90.0     CBRU02
2114  86.9  72.6     CBRU03
2115  87.1 129.1     CBRU04
2116  66.4 116.3     CBRU05
2117  61.9  90.0     CBRU06
2118  66.4  63.7     CBRU07
2119  87.1  50.9     CBRU08
2120  97.8 149.0     CBRU09
2121  72.0 148.5     CBRU10
2122  47.1 128.0     CBRU11
2123  40.6  90.0     CBRU12
2124  47.1  52.0     CBRU13
2125  72.0  31.5     CBRU14
2126  97.8  31.0     CBRU15
2127 118.2 166.3     CBRU16
2128 102.7 168.4     CBRU17
2129  75.7 170.2     CBRU18
2130  52.7 169.3     CBRU19
2131  29.8 161.7     CBRU20
2132  11.0  90.0     CBRU21
2133  29.8  18.3     CBRU22
2134  52.7  10.7     CBRU23
2135  75.7   9.8     CBRU24
2136 102.7  11.6     CBRU25
2137 118.2  13.7     CBRU26
2138  98.4 188.8     CBRU27
2139  79.7 191.8     CBRU28
2140  56.0 196.2     CBRU29
2141  30.8 209.4     CBRU30
2142  13.6 270.0     CBRU31
2143  30.8 330.6     CBRU32
2144  56.0 343.8     CBRU33
2145  79.7 348.2     CBRU34
2146  98.4 351.2     CBRU35
2147 109.6 205.1     CBRU36
2148  82.6 211.0     CBRU37
2149  62.9 219.8     CBRU38
2150  46.8 238.0     CBRU39
2151  39.7 270.0     CBRU40
2152  46.8 302.0     CBRU41
2153  62.9 320.2     CBRU42
2154  82.6 329.0     CBRU43
2155 109.6 334.9     CBRU44
2156 140.2 194.9     CBRU45
2157 126.1 210.0     CBRU46
2158  85.4 228.2     CBRU47
2159  66.4 243.5     CBRU48
2160  60.5 270.0     CBRU49
2161  66.4 296.5     CBRU50
2162  85.4 311.8     CBRU51
2163 126.1 330.0     CBRU52
2164 140.2 345.1     CBRU53
2165 140.1 218.3     CBRU54
2166 112.0 228.2     CBRU55
2167  95.1 248.3     CBRU56
2168  85.7 270.0     CBRU57
2169  95.1 291.7     CBRU58
2170 112.0 311.8     CBRU59
2171 140.1 321.7     CBRU60
2172 123.5 247.6     CBRU61
2173 116.4 270.0     CBRU62
2174 123.5 292.4     CBRU63
2175 140.9 270.0     CBRU64
2176  90.0 108.0        Fp1
2177  90.0  72.0        Fp2
2178  90.0 144.0         F7
2179  58.4 130.6         F3
2180  45.0  90.0         Fz
2181  58.4  49.4         F4
2182  90.0  36.0         F8
2183  72.6 160.7        FC5
2184  28.0 129.7        FC1
2185  28.0  50.3        FC2
2186  72.6  19.3        FC6
2187  90.0 180.0         T7
2188  45.0 180.0         C3
2189   0.0   0.0         Cz
2190  45.0   0.0         C4
2191  90.0   0.0         T8
2192  72.6 199.3        CP5
2193  28.0 230.3        CP1
2194  28.0 309.7        CP2
2195  72.6 340.7        CP6
2196 112.5 216.0         P9
2197  90.0 216.0         P7
2198  58.4 229.4         P3
2199  45.0 270.0         Pz
2200  58.4 310.6         P4
2201  90.0 324.0         P8
2202 112.5 324.0        P10
2203 112.5 234.0        PO9
2204  90.0 252.0         O1
2205  90.0 288.0         O2
2206 112.5 306.0       PO10
2207   0.0   0.0        DUM
2208  73.3 112.1        AF3
2209  67.5  90.0        AFz
2210  73.3  67.9        AF4
2211  46.8 110.2         F1
2212  46.8  69.8         F2
2213  90.0 162.0        FT7
2214  48.5 153.5        FC3
2215  22.5  90.0        FCz
2216  90.0  18.0        FT8
2217  71.6 180.0         C5
2218  18.4 180.0         C1
2219  18.4   0.0         C2
2220  71.6   0.0         C6
2221 112.5 198.0        TP9
2222  90.0 198.0        TP7
2223  48.5 206.5        CP3
2224  22.5 270.0        CPz
2225  48.5 333.5        CP4
2226  90.0 342.0        TP8
2227 112.5 342.0       TP10
2228  75.8 219.0         P5
2229  46.8 249.8         P1
2230  46.8 290.2         P2
2231  75.8 321.0         P6
2232  90.0 234.0        PO7
2233  73.3 247.9        PO3
2234  67.5 270.0        POz
2235  73.3 292.1        PO4
2236  90.0 306.0        PO8
2237  90.0 270.0         Oz
2238 112.5 270.0         Iz
2239  48.5  26.5        FC4
2240  90.0  90.0        Fpz
2241  82.1 104.5       AFp3
2242  82.1  75.5       AFp4
2243  90.0 126.0        AF7
2244  90.0  54.0        AF8
2245  78.3 131.0       AFF5
2246  57.3 104.7       AFF1
2247  57.3  75.3       AFF2
2248  78.3  49.0       AFF6
2249 112.5 144.0         F9
2250  75.8 141.0         F5
2251  75.8  39.0         F6
2252 112.5  36.0        F10
2253 101.8 153.0       FFT9
2254  82.3 151.1       FFT7
2255  64.2 145.5       FFC5
2256  45.5 130.3       FFC3
2257  35.6 104.2       FFC1
2258  35.6  75.8       FFC2
2259  45.5  49.7       FFC4
2260  64.2  34.5       FFC6
2261  82.3  28.9       FFT8
2262 101.8  27.0      FFT10
2263 112.5 162.0        FT9
2264 112.5  18.0       FT10
2265  81.0 170.4       FTT7
2266  59.3 168.3       FCC5
2267  34.0 160.5       FCC3
2268  14.8 129.7       FCC1
2269  14.8  50.3       FCC2
2270  34.0  19.5       FCC4
2271   0.0   0.0        DUM
2272  59.3  11.7       FCC6
2273  81.0   9.6       FTT8
2274  81.0 189.6       TTP7
2275  59.3 191.7       CCP5
2276  34.0 199.5       CCP3
2277  14.8 230.3       CCP1
2278  14.8 309.7       CCP2
2279  34.0 340.5       CCP4
2280  81.0 350.4       TTP8
2281 101.8 207.0       TPP9
2282  82.3 208.9       TPP7
2283  64.2 214.5       CPP5
2284  45.5 229.7       CPP3
2285  35.6 255.8       CPP1
2286  35.6 284.2       CPP2
2287  45.5 310.3       CPP4
2288  64.2 325.5       CPP6
2289  82.3 331.1       TPP8
2290 101.8 333.0      TPP10
2291 101.8 225.0       PPO9
2292  78.3 229.0       PPO5
2293  57.3 255.3       PPO1
2294  57.3 284.7       PPO2
2295  78.3 311.0       PPO6
2296 101.8 315.0      PPO10
2297  82.1 255.5       POO3
2298  82.1 284.5       POO4
2299 101.8 243.0       POO9
2300 101.8 297.0      POO10
2301 112.5 252.0         I1
2302 112.5 288.0         I2
2303  59.3 348.3       CCP6
2304   0.0   0.0         Y1
2305   0.0   0.0         Y2
2306   0.0   0.0         Y3
2307   0.0   0.0         Y4
2308   0.0   0.0         Y5
2309   0.0   0.0         Y6
2310   0.0   0.0         Y7
2311   0.0   0.0         Y8
2312   0.0   0.0         Y9
2313   0.0   0.0        Y10
2314   0.0   0.0        Y11
2315   0.0   0.0        Y12
2316   0.0   0.0        Y13
2317   0.0   0.0        Y14
2318   0.0   0.0        Y15
2319   0.0   0.0        Y'1
2320   0.0   0.0        Y'2
2321   0.0   0.0        Y'3
2322   0.0   0.0        Y'4
2323   0.0   0.0        Y'5
2324   0.0   0.0        Y'6
2325   0.0   0.0        Y'7
2326   0.0   0.0        Y'8
2327   0.0   0.0        Y'9
2328   0.0   0.0       Y'10
2329   0.0   0.0       Y'11
2330   0.0   0.0       Y'12
2331   0.0   0.0       Y'13
2332   0.0   0.0       Y'14
2333   0.0   0.0       Y'15
2334   0.0   0.0         Z1
2335   0.0   0.0         Z2
2336   0.0   0.0         Z3
2337   0.0   0.0         Z4
2338   0.0   0.0         Z5
2339   0.0   0.0         Z6
2340   0.0   0.0         Z7
2341   0.0   0.0         Z8
2342   0.0   0.0         Z9
2343   0.0   0.0        Z10
2344   0.0   0.0        Z11
2345   0.0   0.0        Z12
2346   0.0   0.0        Z13
2347   0.0   0.0        Z14
2348   0.0   0.0        Z15
2349   0.0   0.0        Z'1
2350   0.0   0.0        Z'2
2351   0.0   0.0        Z'3
2352   0.0   0.0        Z'4
2353   0.0   0.0        Z'5
2354   0.0   0.0        Z'6
2355   0.0   0.0        Z'7
2356   0.0   0.0        Z'8
2357   0.0   0.0        Z'9
2358   0.0   0.0       Z'10
2359   0.0   0.0       Z'11
2360   0.0   0.0       Z'12
2361   0.0   0.0       Z'13
2362   0.0   0.0       Z'14
2363   0.0   0.0       Z'15
2364   0.0   0.0         I1
2365   0.0   0.0         I2
2366   0.0   0.0         I3
2367   0.0   0.0         I4
2368   0.0   0.0         I5
2369   0.0   0.0         I6
2370   0.0   0.0         I7
2371   0.0   0.0         I8
2372   0.0   0.0         I9
2373   0.0   0.0        I10
2374   0.0   0.0        I11
2375   0.0   0.0        I12
2376   0.0   0.0        I13
2377   0.0   0.0        I14
2378   0.0   0.0        I15
2379   0.0   0.0        I'1
2380   0.0   0.0        I'2
2381   0.0   0.0        I'3
2382   0.0   0.0        I'4
2383   0.0   0.0        I'5
2384   0.0   0.0        I'6
2385   0.0   0.0        I'7
2386   0.0   0.0        I'8
2387   0.0   0.0        I'9
2388   0.0   0.0       I'10
2389   0.0   0.0       I'11
2390   0.0   0.0       I'12
2391   0.0   0.0       I'13
2392   0.0   0.0       I'14
2393   0.0   0.0       I'15
2394   0.0   0.0        U'1
2395   0.0   0.0        U'2
2396   0.0   0.0        U'3
2397   0.0   0.0        U'4
2398   0.0   0.0        U'5
2399   0.0   0.0        U'6
2400   0.0   0.0        U'7
2401   0.0   0.0        U'8
2402   0.0   0.0        U'9
2403   0.0   0.0       U'10
2404   0.0   0.0       U'11
2405   0.0   0.0       U'12
2406   0.0   0.0       U'13
2407   0.0   0.0       U'14
2408   0.0   0.0       U'15
2409   0.0   0.0        Q'1
2410   0.0   0.0        Q'2
2411   0.0   0.0        Q'3
2412   0.0   0.0        Q'4
2413   0.0   0.0        Q'5
2414   0.0   0.0        Q'6
2415   0.0   0.0        Q'7
2416   0.0   0.0        Q'8
2417   0.0   0.0        Q'9
2418   0.0   0.0       Q'10
2419   0.0   0.0       Q'11
2420   0.0   0.0       Q'12
2421   0.0   0.0       Q'13
2422   0.0   0.0       Q'14
2423   0.0   0.0       Q'15
2424   0.0   0.0         J6
2425   0.0   0.0         J7
2426   0.0   0.0         J8
2427   0.0   0.0         J9
2428   0.0   0.0        J10
2429   0.0   0.0        J11
2430   0.0   0.0        J12
2431   0.0   0.0        J13
2432   0.0   0.0        J14
2433   0.0   0.0        J15
2434   0.0   0.0        J'6
2435   0.0   0.0        J'7
2436   0.0   0.0        J'8
2437   0.0   0.0        J'9
2438   0.0   0.0       J'10
2439   0.0   0.0       J'11
2440   0.0   0.0       J'12
2441   0.0   0.0       J'13
2442   0.0   0.0       J'14
2443   0.0   0.0       J'15
